23253
24953
26561
28799
30806
33639
36458
38291
40804
51938
54521
64789
70108
72726
74612
76800
78818
81302
84801
114676
116382
118920
121963
123795
131338
132950
139677
