10716
12557
15495
22168
24107
31420
33160
35197
38138
44887
46888
48782
50744
52980
66764
68518
71111
73748
88687
91292
93324
96702
102244
104375
111148
113754
128641
133522
137683
139335
141557
144723
147205
149215
152102
161664
